[-1.4296495500885324503315132460556924343109130859375000000000000000000000000000000000000000000000000000
 -1.2123319134773433702889633423183113336563110351562500000000000000000000000000000000000000000000000000
 -0.4929821278865129663415700633777305483818054199218750000000000000000000000000000000000000000000000000
 -0.6132569874624775874139004372409544885158538818359375000000000000000000000000000000000000000000000000
  0.0876028509737828420256278150191064924001693725585937500000000000000000000000000000000000000000000000
  1.1853872127949343084907241063774563372135162353515625000000000000000000000000000000000000000000000000
  1.8977274691908501136339282311382703483104705810546875000000000000000000000000000000000000000000000000
  0.3203136484276727369291393188177607953548431396484375000000000000000000000000000000000000000000000000
 -0.2288796971066778540571107214418589137494564056396484375000000000000000000000000000000000000000000000
  0.4168395733769021949122191017522709444165229797363281250000000000000000000000000000000000000000000000
  0.1598280464991914395778138668902101926505565643310546875000000000000000000000000000000000000000000000
  0.4981329311568691853295831606374122202396392822265625000000000000000000000000000000000000000000000000
  0.2418928489339115528444779101846506819128990173339843750000000000000000000000000000000000000000000000
  0.0151002900101877453320486921484189224429428577423095703125000000000000000000000000000000000000000000
  0.0446762580056091415658947596512007294222712516784667968750000000000000000000000000000000000000000000
  1.6863732774214648113542125429376028478145599365234375000000000000000000000000000000000000000000000000
  3.5751625221621821104633909271797165274620056152343750000000000000000000000000000000000000000000000000
  0.1841292954928641922851539902694639749825000762939453125000000000000000000000000000000000000000000000
 -0.1465964932245099883179051403203629888594150543212890625000000000000000000000000000000000000000000000
 -0.6912714640827164469527588153141550719738006591796875000000000000000000000000000000000000000000000000
  0.4026538937123856909394703507132362574338912963867187500000000000000000000000000000000000000000000000
  0.5518804895828606227325963118346408009529113769531250000000000000000000000000000000000000000000000000
 -1.6218696053841674675766171276336535811424255371093750000000000000000000000000000000000000000000000000
  1.9867383989538713873201913884258829057216644287109375000000000000000000000000000000000000000000000000
  0.4859970056097843715825490562565391883254051208496093750000000000000000000000000000000000000000000000
  0.3126982347953329854917114971613045781850814819335937500000000000000000000000000000000000000000000000
  0.4526521841888325181635366334376158192753791809082031250000000000000000000000000000000000000000000000
  0.2610108168178467691333821676380466669797897338867187500000000000000000000000000000000000000000000000
  0.0843457990306721722140181896065769251435995101928710937500000000000000000000000000000000000000000000
 -1.1065151604528451478870465507498010993003845214843750000000000000000000000000000000000000000000000000
  0.5719879127033193899620755473733879625797271728515625000000000000000000000000000000000000000000000000
 -1.5314490732984753496026542052277363836765289306640625000000000000000000000000000000000000000000000000
 -0.4803426504985248701729005915694870054721832275390625000000000000000000000000000000000000000000000000
  3.4908424880200454865075698762666434049606323242187500000000000000000000000000000000000000000000000000
  0.2311882256369601484902176480318303219974040985107421875000000000000000000000000000000000000000000000
 -1.1155802534725594021836059255292639136314392089843750000000000000000000000000000000000000000000000000
  1.0236497278794109977440029979334212839603424072265625000000000000000000000000000000000000000000000000
 -0.1069795778186077850335777839063666760921478271484375000000000000000000000000000000000000000000000000
  2.1401385997747044420691509003518149256706237792968750000000000000000000000000000000000000000000000000
 -0.6688403062581932401187145842413883656263351440429687500000000000000000000000000000000000000000000000
  0.5391811652024252055070974165573716163635253906250000000000000000000000000000000000000000000000000000
  2.0805339494930272792316827690228819847106933593750000000000000000000000000000000000000000000000000000
 -0.0977286655279015759045790900927386246621608734130859375000000000000000000000000000000000000000000000
 -0.4673742285615562486178475865017389878630638122558593750000000000000000000000000000000000000000000000
  0.2855595063588114990160704564914340153336524963378906250000000000000000000000000000000000000000000000
  0.7154656251434552416412770980969071388244628906250000000000000000000000000000000000000000000000000000
  1.8046679493988784237501477036857977509498596191406250000000000000000000000000000000000000000000000000
  2.4167905095821518024479246378177776932716369628906250000000000000000000000000000000000000000000000000
  0.3396303580404760880107062348542967811226844787597656250000000000000000000000000000000000000000000000
  0.1879604327018280784944437300509889610111713409423828125000000000000000000000000000000000000000000000
  1.5329853720070860667590295633999630808830261230468750000000000000000000000000000000000000000000000000
 -0.2762484235897758044764316309738205745816230773925781250000000000000000000000000000000000000000000000
 -0.6653038127198329654277131339767947793006896972656250000000000000000000000000000000000000000000000000
 -1.8873435684088599728625013085547834634780883789062500000000000000000000000000000000000000000000000000
 -0.6525140298568795627076610799122136086225509643554687500000000000000000000000000000000000000000000000
  0.6790174670557004299453751627879682928323745727539062500000000000000000000000000000000000000000000000
  2.1092504035107637605506170075386762619018554687500000000000000000000000000000000000000000000000000000
 -0.1641022960575712341668719318477087654173374176025390625000000000000000000000000000000000000000000000
 -0.0524824474040762462001552535184600856155157089233398437500000000000000000000000000000000000000000000
 -0.2512332324971674468727655948896426707506179809570312500000000000000000000000000000000000000000000000
 -2.1450130903398161308359703980386257171630859375000000000000000000000000000000000000000000000000000000
  0.0147007721362223762323617748393189685884863138198852539062500000000000000000000000000000000000000000
  1.7133272683132652058901612690533511340618133544921875000000000000000000000000000000000000000000000000
  0.2854621488990441435795730740210274234414100646972656250000000000000000000000000000000000000000000000
 -0.8742670275429634818564750275982078164815902709960937500000000000000000000000000000000000000000000000
 -0.1149909867465426366317515771697799209505319595336914062500000000000000000000000000000000000000000000
  1.6855182088161360098865770851261913776397705078125000000000000000000000000000000000000000000000000000
  0.9117695216117810419476086281065363436937332153320312500000000000000000000000000000000000000000000000
  1.2106234096690584589595118814031593501567840576171875000000000000000000000000000000000000000000000000
 -0.4409000229275195636979844948655227199196815490722656250000000000000000000000000000000000000000000000
 -0.1568678155034842480741730241788900457322597503662109375000000000000000000000000000000000000000000000
 -1.0191673346271432620824270998127758502960205078125000000000000000000000000000000000000000000000000000
  0.6479479926571515280286917004559654742479324340820312500000000000000000000000000000000000000000000000
  1.2583579260663326770952608057996258139610290527343750000000000000000000000000000000000000000000000000
  0.5094144121310676398550754129246342927217483520507812500000000000000000000000000000000000000000000000
  1.7080170204618900786641688682720996439456939697265625000000000000000000000000000000000000000000000000
  0.4214673378372884582354629401379497721791267395019531250000000000000000000000000000000000000000000000
 -0.4903778517081804344535100881330436095595359802246093750000000000000000000000000000000000000000000000
 -0.7105247184894059042647995738661848008632659912109375000000000000000000000000000000000000000000000000
 -1.4861185370431622132514348777476698160171508789062500000000000000000000000000000000000000000000000000
 -1.1813881131150980596800081912078894674777984619140625000000000000000000000000000000000000000000000000
 -1.0187634139278234357561814249493181705474853515625000000000000000000000000000000000000000000000000000
  0.9011298089090837848402770760003477334976196289062500000000000000000000000000000000000000000000000000
  0.5576466372254668124597287715005222707986831665039062500000000000000000000000000000000000000000000000
  0.5579370162958496859317847338388673961162567138671875000000000000000000000000000000000000000000000000
 -0.4054193927171777511730965670722071081399917602539062500000000000000000000000000000000000000000000000
  0.5035187716949026670576472497486975044012069702148437500000000000000000000000000000000000000000000000
 -1.6291321589050959950384367402875795960426330566406250000000000000000000000000000000000000000000000000
 -1.2500775749757080390622832055669277906417846679687500000000000000000000000000000000000000000000000000
  0.0054864933247748574537960841723815974546596407890319824218750000000000000000000000000000000000000000
 -0.6723348632054922946466035682533401995897293090820312500000000000000000000000000000000000000000000000
 -1.1970269211625259586639913322869688272476196289062500000000000000000000000000000000000000000000000000
 -0.7271618453898193168427610544313210994005203247070312500000000000000000000000000000000000000000000000
  0.0442258454454434526970096897002804325893521308898925781250000000000000000000000000000000000000000000
 -0.1253051911936196027852474799146875739097595214843750000000000000000000000000000000000000000000000000
 -0.2631214988446067826188823346456047147512435913085937500000000000000000000000000000000000000000000000
 -1.2491997561621508427975868471548892557621002197265625000000000000000000000000000000000000000000000000
 -1.7813636361613620628929766098735854029655456542968750000000000000000000000000000000000000000000000000
 -0.9016401812748593425084209229680709540843963623046875000000000000000000000000000000000000000000000000
 -1.2320678043325121731044191619730554521083831787109375000000000000000000000000000000000000000000000000]